96636764160S
0 0
2339 1
3764 1
2873 1
4701 1
4694 1
2878 1
2873 1
3777 1
4150 1
2873 1
-2873 -1
2878 1
-2878 -1
4701 1
-4701 -1
2873 1
-2873 -1
3764 1
-3764 -1
2339 1
-2339 -1
3777 1
-3777 -1
4150 1
-4150 -1
3842 1
3842 1
-3842 -1
4713 1
4699 1
4735 1
4713 1
-4713 -1
4694 1
-4694 -1
5023 1
5037 1
5002 1
4993 1
5008 1
5009 1
5071 1
5034 1
5049 1
5076 1
4154 1
5031 1
5033 1
5045 1
5070 1
5092 1
5038 1
5035 1
4997 1
5013 1
5040 1
5043 1
5031 1
5027 1
4956 1
5023 1
5049 1
5054 1
5002 1
5028 1
5042 1
5050 1
5056 1
5048 1
5069 1
4901 1
5046 1
5064 1
5003 1
